0 425 67 35 308
1 240 2 3 100 261 359 425 74 364 2028 174 175 16 17 115 366 76 1497 2524 285
2 1 3 5 6 8 267 659 20 366 601 25 2341 39 425 1965 2102 1339 2109 74 76 468 2261 1497 100 2277 362 2028 238 2292 380
3 1 2 8 16 1938 531 1518 285 30 35 2340 39 1368 1497 220 100 101 359 508 238 380 1941
4 313 851 92 163
5 32 2 35 326 70 7 8 43 364 15 72 20 21 56 2292 1583 63
6 2 228 326 262 39 486 1965 467 49 370 659 468 2261 377 2010 1275
7 32 356 5 262 268 23 25 186 412
8 2 3 5 43 20 2292 411 158
9 1634 1479 1864 44 267 12 13 2383 40 594 361 377 29
10 1962 11 356
11 10 187 356 1962
12 9 594 2383 13 2365
13 9 12 2383 594 2102 509 2365
14 2102 678 71
15 833 5 70 359 72 44 1583 21 56 985 186 63
16 1 3 359 267 76 238 17 481 340 30 63
17 1 115 71 2025 2026 359 364 366 16 481 342 29
18 19
19 18
20 2 5 8 297 1643 76 1517 1518 49 2292 27 28
21 224 64 283 5 70 72 15 1583 69 63
22
23 32 2064 7 240 308 25 254
24 513 389 25 409 26 2715 410 35 43 308 326 327 2380 467 468 91 92 2017 358 2023 1263 370 373 375
25 32 513 2 91 1861 7 2023 1938 2547 308 373 2625 23 24 26 507
26 358 297 468 1901 370 467 308 409 24 25 91
27 97 1518 370 2547 20 1368 1275 28
28 76 74 27 20
29 481 1634 17 9 44 337
30 16 3 37 238 245
31 356
32 5 7 362 365 23 25
33
34 1946 474
35 0 3 5 326 39 72 425 2570 43 76 2344 67 468 373 364 24 1721 1275 1086
36 384 155 37 38 519 424 106 971 111 187 381 1950 543
37 384 2019 36 38 782 1458 238 507 30
38 384 36 37 424 106 54 381 1950
39 2 35 6 424 74 1965 338 3 659 85 377 2010 2261
40 9 971 377 1513 351
41 402 403 2158
42 260
43 35 5 8 468 373 24
44 1634 9 75 1580 45 15 48 418 1652 725 1687 1500 29
45 1580 44 1652
46 1168 1769 1410 1909 1194
47 70
48 49 75 44 1687
49 144 227 228 6 71 169 74 135 77 372 48 489 50 20 501 1529 132 538 1692 1546
50 49 227 1580 169
51
52
53 378 915 78
54 368 38 1895
55 56 1947 382
56 1947 5 1967 105 1963 15 1492 55 91 381
57 328 353 538
58 868
59
60 81 413
61 2095 375 76 351
62
63 64 224 75 5 70 71 72 266 2379 15 16 340 21 283 1583 69
64 224 65 197 69 72 75 2028 21 283 63
65 64 197 486 76 2028 389
66 338 507
67 0 35 68 326 425 76 373 375
68 67 373
69 64 256 163 72 224 21 283 63
70 5 72 684 47 21 1583 1690 15 63
71 898 342 869 49 264 235 364 14 17 722 1750 471 1851 733 63
72 64 224 35 868 5 70 1639 73 15 657 274 21 600 283 602 1583 69 63
73 72 170 1981
74 1 2 2693 471 39 489 75 76 2028 366 49 2199 2330 28 1533 1564
75 64 76 74 44 48 2355 220 351 1500 63
76 1 2 35 197 65 74 75 2028 1518 2547 16 359 67 20 366 374 375 267 28 61 1086
77 49 2311 230 169
78 53
79 209 207
80 1536 2074 1589 111
81 355 366 369 114 371 142 60
82 2337 849
83
84
85 2343 2340 101 2023 424 39 2031 2335 370 409 377 1562 1583 92 2692 231
86 1028 1183
87 1016 1054
88 624 939
89 1482
90 1039
91 2023 56 115 409 24 25 26
92 2466 4 197 1641 2188 1454 2031 85 24 409 2173 286
93 1762 516 94 1366 670
94 1137 1762 948 93
95 824 1074 1250 1138 1245
96 351
97 1331 98 27 1846
98 1369 106 1762 97
99
100 1 2 3 425 375 1497 285
101 3 2340 2343 2023 1938 1077 1562 2335 380 285 85
102 115
103 970 986 958 622
104
105 516 326 422 298 564 56 2148 379 381
106 544 98 163 36 38 1557 954
107
108
109 1123 562 1759 2674 1223
110
111 80 249 36 1589 113
112
113 111
114 81 369
115 1 261 102 2081 363 366 175 17 371 174 2102 91 2524
116
117
118 1162
119
120 484 485
121 296 122 1077 1175
122 296 121
123 296 387 301
124 1004 2035 548
125 127
126 127
127 1004 464 695 537 125 126
128
129
130
131 1493
132 135 169 1642 144 49 501 1558 1529 1692 1546
133
134 162 135 1320 1546 144 595
135 1648 132 134 1320 169 1546 144 49 338 501 1529 347 1692
136 580
137 1650 1651
138
139 1555 1108 365
140 832
141 1156 431
142 81
143
144 132 134 135 1320 169 1546 49 338 595 501 1368 1529 1692
145
146
147 465
148
149 653
150
151 2213
152 808 1793 1864
153
154
155 187 36
156
157
158 8
159
160
161 185 2110
162 1320 134 1647
163 106 4 69 389
164 514 174
165 248
166
167
168
169 227 132 550 135 1546 2311 1580 77 144 49 50 501 1529 538 1692
170 73
171
172
173
174 1 514 164 261 782 175 115 366 2524 1717
175 1 782 261 514 366 115 174 2524
176
177 722 1475 266
178 2209 994 1255 1159 915 790 1213
179
180 181
181 180
182
183
184
185 161 2110
186 262 359 7 268 15 412
187 11 36 155 519
188 360 464 1239
189
190 307 698 1435 372 2078
191
192
193
194 507
195
196
197 64 65 389 1511 2028 939 76 1454 721 212 341 374 92 286 213
198 244
199
200
201
202
203
204
205
206
207 209 2074 79
208
209 207 79
210 465
211
212 197 213
213 1153 212 197
214
215
216
217 571
218
219 291 374
220 75 3 509 2450 1213
221
222
223
224 64 69 72 21 283 63
225 519 1513 1514 543 231
226
227 49 50 228 169
228 49 227 6
229 1512 1532
230 1546 1580 77
231 225 2340 85 2014 543
232
233
234 235 1478
235 313 234 281 71
236 297 746 1517 1901 415
237
238 1601 2 3 37 362 267 16 659 2102 474 507 30 2019
239 313
240 1 265 267 364 366 1873 308 1822 254 23 414
241
242 256
243 422
244 198
245 341 30
246
247
248 165 342
249 111
250 1004 422
251
252
253
254 240 2044 308 23
255
256 242 69
257 489 538 684
258 353 538 343
259
260 42 1643
261 1 366 175 115 174 2524
262 6 357 326 7 486 268 467 370 2236 468 2380 186 412 1541
263
264 415 564 869 71
265 240
266 177 586 1475 63
267 240 2 9 362 76 578 238 16 2102 361 568
268 2241 867 2692 262 7 360 412 1941 186 379 380 277
269
270 1045 1046
271 1561
272 960 962 1191 905 276 532 1018 476 767
273 1027 1188 1125
274 72 722 783
275 2450 323
276 960 962 1191 272 532 1622 1018 476
277 1009 1946 268
278
279
280 561
281 1969 235 414
282
283 64 224 69 72 21 63
284
285 1 3 100 101 380 1938 1941 1497 508
286 2260 939 92 197 1454
287
288
289 291
290 2520
291 2392 289 219 2492 374
292
293 1343
294 1366
295 296 297 1517 1263 2253 1173 313 2492
296 121 122 123 301 295
297 295 236 1517 1901 20 26
298 2148 105 516
299
300
301 296 123 387
302 419 364
303
304 2473 407 305
305 304 1641 407
306 641 1394 2055
307 362 190
308 0 240 23 24 25 26 254
309
310 1691 684 311
311 1691 684 310
312 1632 1668 326 334 534 313
313 1632 4 295 2218 235 1484 685 334 239 1454 1559 312 1946 1517 1613
314 1670
315 1193
316 325
317 318
318 2377 317
319
320
321 1905 580 1142 1177
322 362 1639
323 562 275 324
324 562 323
325 316
326 2692 5 262 24 2715 389 35 6 312 67 327 2380 467 468 486 105 364 370 375 379 380 382
327 389 326 2380 375 24 2715
328 57
329 383
330 421
331 1162 1168 1238 440 1194 607
332
333 1770
334 312 313 1454
335 336
336 937 938 335 530 1011 948 1071
337 481 338 29
338 1584 66 135 1546 39 1518 144 337 1368 1648 347
339
340 16 63
341 650 765 197 422 245
342 248 17 364 71
343 353 258 364 538
344 1953 346 345
345 344 1953 346
346 344 1953 345
347 1648 1649 338 348 135
348 347
349 907 1175
350
351 96 961 354 75 40 939 1454 1583 352 2355 2010 61
352 354 351
353 57 258 537 538 343
354 352 961 351
355 81 371 366 369
356 31 10 11 7
357 370 468 262
358 370 467 468 24 409 26
359 1 3 76 15 16 17 186
360 268 188
361 568 9 267 1475
362 32 2 758 267 322 238 307 2102 371
363 115 364
364 1 35 5 326 71 2025 2026 363 302 240 17 419 366 342 343 1374
365 32 139
366 1 2 355 261 17 2028 74 371 76 174 175 240 81 115 364 2524
367 368 550 1895
368 1895 550 2669 54 367
369 81 114 355 468 370
370 2017 262 358 6 326 486 1583 369 467 468 85 1275 24 26 27 357
371 418 355 362 366 81 115
372 49 698 2102 190 418
373 67 68 43 35 468 24 25
374 2028 291 76 197 219
375 2241 67 100 389 326 327 2380 971 76 1518 425 24 2715 61
376 736
377 6 39 40 9 2023 1583 1584 424 531 85 2010 2335
378 722 53 898
379 2692 326 105 268 1584 1941 380
380 2 3 2692 101 326 268 1584 2385 1938 2693 1941 379 285 389
381 36 38 105 1967 56 382
382 381 326 55
383 329 1177
384 385 1634 36 37 1894 588 546 1173 38
385 384 546 588 1173 550
386
387 123 301
388
389 65 610 163 197 326 327 2380 2379 2028 1454 2385 375 24 2715 380
390 391
391 390
392 1382
393 1664 1192 563 1692
394
395 1782
396 397
397 1106 396
398 1116 630 399
399 630 398
400 1811
401
402 41
403 41 2158
404 2337
405
406
407 304 305
408 594 831
409 358 2343 2188 1263 2031 85 24 26 91 92 410
410 2625 2028 24 409 413 1886
411 8
412 186 811 268 262 7
413 410 60
414 1861 1969 2380 1901 2542 240 1873 2261 2134 2135 1496 281
415 264 721 236
416
417 1641
418 372 371 44
419 364 302
420
421 1018 1371 330
422 1153 105 499 243 341 250 765
423
424 36 38 39 1073 946 2260 85 377 954 2014
425 0 1 2 35 100 2341 67 2292 375 1497 2109
426 1102
427 857 1949 1951
428
429
430
431 141
432
433
434
435
436 2272 2593 1194
437
438
439
440 1168 1162 331 1909
441
442
443
444
445
446
447
448
449
450
451 823
452
453 1701
454
455
456
457 1444
458
459
460
461
462
463
464 188 127
465 210 147
466 1643 2572
467 262 6 326 358 486 370 468 24 26
468 2 35 326 6 486 43 358 369 370 467 373 24 262 26 357
469 470
470 469 2381
471 74 1564 1518 71
472 725 870
473 542 1011 1029 790 1213
474 34 238 1175
475
476 960 962 1156 1191 272 276 532 1018
477
478 1042
479
480
481 16 17 29 1646 337
482 483
483 482
484 120
485 120
486 65 326 262 370 467 468 6
487
488
489 1560 49 74 538 257
490
491
492 505 2374
493
494
495
496
497 714
498
499 422
500 1110
501 132 135 169 1546 144 49 1939 1529 1692
502
503
504
505 492
506
507 1601 194 37 66 238 2547 25 1861
508 3 1941 285
509 220 13
510
511
512
513 24 25
514 164 646 174 175
515
516 105 298 2148 93 1366
517
518
519 225 36 1513 1562 187 1950
520
521
522
523
524
525
526
527
528 1282 1684 1663
529 986
530 709 937 938 1071 336 1011 1321
531 1584 377 3 2340 1583
532 960 962 1191 272 276 1018 476
533
534 312 612
535
536
537 353 538 695 127
538 257 258 489 537 353 169 546 49 343 57
539
540
541
542 1139 915 933 473
543 225 36 1589 231
544 1073 106 946 614 2521
545
546 384 385 538 588 1173
547
548 1075 1189 1642 1004 1008 1042 2035 124
549
550 368 169 1895 385 367
551
552 1044
553
554
555
556 1215
557
558
559
560
561 280
562 2674 323 324 109
563 1192 393 1664 1692
564 264 105
565
566
567
568 361 267 1475 577
569
570
571 217 1108 1758
572
573
574
575
576
577 568 1475
578 267
579
580 136 321
581
582
583
584
585
586 266
587 684
588 384 385 546 1173
589
590
591
592
593 1293
594 9 12 13 2383 2365 408 733 831
595 144 1320 134
596 2157
597
598 653
599
600 72 602
601 2 2341
602 72 600
603 985
604
605
606
607 969 1194 331 614 1023
608
609
610 389 637
611
612 1050 1284 534
613
614 544 946 1331 942 607
615 946
616 984 1067 946 995 916
617
618
619
620 1228
621 962
622 986 103
623
624 1159 1128 939 948 88 1148
625
626 1040
627 628
628 627
629
630 398 399
631
632 1215
633
634
635
636
637 610
638
639
640 1386
641 306
642
643
644
645
646 514
647
648
649
650 341
651
652 865 1571 1540
653 149 598
654 1514
655 2136 1806
656
657 72
658
659 1601 2 6 39 1965 238 2261
660
661
662
663
664
665
666
667
668
669
670 93
671
672
673
674
675
676
677
678 1478 14
679
680
681
682
683 685
684 257 70 587 310 311 1690 1434
685 313 683
686 687
687 686
688
689
690 914
691 1035
692
693
694
695 537 1004 127
696
697
698 372 190
699
700
701 1694
702 1149
703
704
705 1015
706
707
708
709 530
710
711
712 878 1478
713
714 497 1236
715
716
717
718
719
720 1137 991 919
721 1511 197 415
722 898 71 783 177 274 378 1851
723
724
725 472 1572 44
726 914
727
728
729
730
731
732 2028
733 594 71
734
735
736 376
737
738
739
740
741
742
743
744
745
746 236 1901
747
748
749 2355
750
751
752
753
754
755 1635 804 1581 757
756
757 755
758 362
759
760
761
762 996
763
764
765 1153 341 422
766
767 960 272 962
768
769 928 1181
770
771
772
773
774
775
776
777
778
779
780
781
782 1950 1175 37 174 175
783 722 1851 274
784
785
786
787
788
789
790 994 1159 1255 178 915 473 947 1213 1011
791
792
793
794
795
796
797
798
799
800
801
802
803
804 755 1581
805
806
807
808 152 1641 1864 1996 1793
809
810
811 412
812
813
814
815
816
817
818
819
820
821
822
823 451 1453
824 95
825
826
827
828
829
830
831 408 594
832 140
833 15
834
835
836
837
838
839
840 1781
841
842
843 1719
844
845
846
847
848 2444
849 2449 82 850 2337
850 849
851 4
852
853
854
855
856
857 427
858
859
860
861
862
863
864
865 1540 1571 652
866
867 268
868 72 58
869 264 71
870 472
871
872
873
874
875
876
877
878 712 2025
879
880
881
882 1750
883
884
885
886
887
888
889
890
891 1618
892
893
894
895
896 1946
897
898 378 1851 722 71
899
900
901
902
903
904
905 272 960 962
906
907 349
908
909
910
911 1215
912
913 1977
914 690 726
915 994 931 1159 1255 178 1027 53 790 1213 542
916 616 984
917
918 1148
919 720 1137
920
921
922 2108
923 1320
924
925
926
927
928 769 999 1181 1198 953
929
930
931 915
932 964
933 1139 1067 1124 542
934
935 1028 990
936 1085 1071
937 336 530 1011 938 1071
938 336 937 530 1011 1071
939 197 940 624 948 88 286 351
940 939
941
942 946 948 614 967
943
944 945 1129
945 944
946 544 614 615 424 616 942 1073
947 790
948 336 624 939 942 94
949 1024 1183
950 1039
951
952
953 928 1061
954 424 106 2260
955 1235
956
957
958 103
959
960 962 1191 905 272 1075 276 532 1018 476 767
961 354 351
962 960 1191 905 621 272 276 1078 532 1018 476 767
963
964 932
965 1101
966 1035
967 942
968
969 607
970 103
971 40 1513 36 375
972 973
973 972
974
975 1095
976
977
978
979 1235
980
981
982
983 1016
984 616 916
985 603 15
986 529 622 103
987
988
989 1060
990 935
991 720
992
993
994 1255 1128 1159 178 915 790 1213 1118
995 616
996 762
997 1145 1762
998 1035
999 928 1056 1198
1000 1010
1001
1002
1003 1188
1004 548 250 695 124 127
1005 1396
1006
1007
1008 548
1009 1010 277 1214
1010 1000 1009 1250 1214
1011 937 938 1071 336 530 790 473 1213
1012 1072
1013
1014
1015 705
1016 983 1054 87
1017
1018 960 962 421 1191 272 1075 276 532 1371 476
1019 1020
1020 1019
1021 1128
1022
1023 607
1024 949
1025
1026 2278
1027 273 915
1028 86 935
1029 473 1135
1030 1090
1031
1032
1033 1034
1034 1033
1035 691 998 966
1036
1037 1103
1038
1039 90 950
1040 1057 626
1041 1183
1042 1075 548 1189 478
1043
1044 552
1045 1046 270
1046 1194 1045 270
1047
1048
1049
1050 612
1051
1052 1968
1053
1054 1016 87
1055 1101
1056 1198 999
1057 1040
1058 1371 1118
1059
1060 989
1061 1656 953 1381 1654
1062
1063
1064
1065
1066
1067 616 933
1068
1069
1070 1371
1071 936 937 938 336 530 1011
1072 1012
1073 424 544 946
1074 95
1075 960 1018 548 1042 1189
1076
1077 121 2340 101 2335
1078 962
1079
1080
1081
1082
1083
1084 1144 2450
1085 936
1086 35 76
1087
1088
1089
1090 1030
1091
1092
1093
1094
1095 975
1096
1097
1098
1099
1100
1101 965 1055
1102 426
1103 1137 1123 1037 2271
1104
1105
1106 1107 397 1111
1107 1106
1108 1223 139 1784 571 1180 1758 1759
1109
1110 1644 2474 500 1935
1111 1106
1112
1113
1114
1115
1116 398 1414
1117
1118 1128 994 1183 1058 1119
1119 1118
1120
1121
1122
1123 1137 1223 109 1103 1777 1971 2271 1180 1759
1124 933
1125 273
1126
1127
1128 624 994 1021 1118 1159
1129 944
1130 1763
1131
1132
1133
1134
1135 1029
1136
1137 1762 1763 1223 1103 720 1777 1123 1782 919 94 2271
1138 1250 95
1139 933 542
1140
1141
1142 321 1177
1143 1183
1144 1084
1145 1762 997
1146
1147
1148 624 918
1149 702
1150
1151
1152
1153 213 422 765
1154
1155
1156 476 141
1157
1158
1159 994 1255 1128 624 178 915 790 1213
1160
1161
1162 440 1194 331 118
1163
1164
1165 1371
1166
1167
1168 440 331 1909 46
1169
1170
1171
1172
1173 384 385 546 1572 295 588
1174
1175 121 474 349 782
1176
1177 321 1142 383
1178 1784
1179
1180 1123 1108 1759
1181 928 769
1182
1183 1041 1118 949 86 1143
1184
1185
1186
1187
1188 273 1003
1189 1042 1075 548
1190
1191 960 962 272 276 532 1018 476
1192 2464 393 563 1671
1193 315
1194 2696 1769 1162 331 46 436 1046 607
1195
1196
1197
1198 928 1056 999
1199
1200
1201 1440
1202
1203
1204
1205
1206 1453
1207
1208
1209
1210
1211
1212
1213 994 1159 1255 2450 2030 178 915 790 473 220 1011
1214 1009 1010
1215 632 556 911
1216 1389
1217
1218
1219
1220
1221
1222
1223 1763 1137 109 1422 1777 1123 1108 2271 1759
1224
1225
1226
1227
1228 620
1229
1230
1231
1232
1233
1234 1917
1235 955 979
1236 714
1237
1238 331
1239 188
1240
1241
1242
1243
1244
1245 95
1246
1247
1248
1249 2693
1250 1010 1138 95
1251
1252
1253
1254
1255 1794 1159 994 178 915 790 1213
1256
1257
1258
1259
1260
1261
1262
1263 24 409 1517 295
1264
1265
1266
1267
1268 1418 1925
1269
1270
1271
1272
1273
1274
1275 35 370 27 6
1276
1277
1278
1279
1280
1281
1282 528 1684 1663
1283
1284 612 1285
1285 1284
1286
1287
1288
1289
1290
1291
1292
1293 593
1294
1295
1296
1297
1298
1299
1300
1301
1302
1303
1304
1305
1306
1307
1308
1309
1310
1311
1312
1313
1314
1315
1316
1317
1318 1619
1319
1320 162 134 135 1546 144 595 923
1321 530
1322
1323
1324
1325
1326
1327
1328
1329
1330 1922
1331 97 614
1332
1333
1334
1335
1336
1337
1338
1339 2 2277
1340
1341
1342
1343 293
1344
1345
1346
1347
1348
1349
1350
1351
1352
1353
1354
1355
1356
1357
1358
1359
1360
1361
1362
1363
1364
1365
1366 516 93 294
1367
1368 27 144 338 3 1518
1369 98 2630
1370
1371 1018 1058 421 1070 1165
1372
1373
1374 1522 364
1375
1376
1377
1378
1379
1380
1381 1656 1061 1654
1382 392
1383
1384
1385 1386 1389
1386 640 1385
1387
1388 2327
1389 1216 1385
1390
1391
1392
1393
1394 306
1395
1396 1005
1397
1398
1399
1400
1401
1402
1403
1404
1405
1406
1407
1408
1409
1410 46
1411
1412
1413
1414 1116 1415
1415 1414 2327
1416
1417
1418 1268
1419
1420
1421
1422 1743 1223
1423
1424
1425
1426
1427
1428
1429
1430
1431
1432
1433 1743
1434 684
1435 190
1436
1437
1438
1439
1440 1201
1441
1442
1443 2012 1837 2431
1444 457
1445
1446
1447
1448
1449
1450
1451
1452
1453 1206 823
1454 197 389 2028 334 313 92 286 351
1455
1456
1457
1458 37
1459
1460
1461
1462 1694
1463
1464
1465
1466
1467
1468
1469
1470
1471
1472
1473 1474
1474 1473
1475 577 1666 361 266 177 2099 568
1476 1647 1559
1477 2520
1478 712 234 678
1479 9
1480
1481
1482 89
1483
1484 313
1485
1486
1487
1488 2021
1489
1490
1491
1492 56 1963
1493 1553 131
1494
1495
1496 1585 414 1969
1497 1 2 3 100 425 2109 2292 285
1498
1499
1500 75 44
1501
1502
1503
1504 1565 1566 1573
1505
1506
1507
1508
1509
1510
1511 721 2028 197
1512 1532 229
1513 225 1515 519 40 1514 971
1514 225 2074 1515 654 1513
1515 1513 1514
1516
1517 295 297 236 2253 1263 20 313 2492
1518 3 471 76 338 20 375 1368 27
1519
1520
1521
1522 1570 1374
1523
1524
1525
1526
1527
1528
1529 132 135 169 1546 144 49 501 1692
1530 1791
1531
1532 1512 229
1533 74
1534
1535
1536 80
1537
1538
1539
1540 865 652
1541 262
1542
1543 1544 1574
1544 1543
1545
1546 132 230 134 135 1320 169 144 49 338 501 1529 1692
1547
1548
1549
1550
1551
1552
1553 1634 1493
1554 1874
1555 1904 139
1556
1557 106 2014 1950
1558 1692 1642 132
1559 313 1476
1560 489
1561 271
1562 1584 519 2340 85 101
1563
1564 74 471
1565 1504 1573
1566 1504 1573
1567
1568
1569
1570 1522
1571 865 652
1572 1173 725
1573 1504 1565 1566
1574 1543
1575
1576
1577
1578
1579
1580 230 169 44 45 50 1652
1581 755 804
1582
1583 2335 5 70 72 15 1584 370 531 21 377 2010 351 85 63
1584 1583 338 531 377 1562 379 380
1585 1496
1586
1587
1588
1589 80 543 111
1590
1591
1592
1593
1594
1595
1596
1597
1598
1599
1600
1601 659 238 507
1602 2109
1603
1604
1605
1606
1607
1608
1609
1610
1611
1612
1613 313 2218
1614
1615
1616
1617
1618 891
1619 1318
1620
1621
1622 276
1623
1624
1625
1626
1627
1628
1629
1630
1631
1632 312 313
1633
1634 384 9 44 29 1553
1635 755
1636 2542
1637 2104
1638
1639 72 322 2492
1640
1641 808 417 92 2173 305
1642 1692 132 1558 548
1643 260 466 20
1644 2474 1110
1645
1646 481 1762
1647 162 1476
1648 338 347 135
1649 347
1650 137 1651
1651 137 1650
1652 1580 44 45
1653
1654 1656 2201 1780 1381 1061
1655
1656 1381 1654 1061
1657
1658
1659
1660
1661
1662
1663 528 1282
1664 393 563 1692
1665
1666 2050 2099 1475
1667
1668 312
1669
1670 314
1671 1192
1672
1673
1674
1675
1676
1677
1678
1679
1680
1681
1682 1717
1683
1684 528 1282
1685
1686
1687 48 44
1688
1689
1690 684 70
1691 310 311
1692 1664 132 135 393 1546 144 49 563 501 1558 169 1529 1642
1693
1694 701 1462
1695
1696
1697
1698
1699
1700
1701 453
1702
1703
1704
1705
1706
1707
1708
1709
1710
1711
1712
1713
1714
1715
1716
1717 1682 174
1718
1719 843
1720
1721 35
1722
1723
1724
1725 1756
1726
1727
1728
1729
1730
1731
1732
1733
1734
1735
1736
1737
1738
1739
1740
1741
1742
1743 1433 1422
1744
1745
1746
1747
1748
1749
1750 882 71
1751
1752
1753
1754
1755
1756 1796 1725 1781
1757
1758 571 1108 1759
1759 1123 1223 109 1777 1108 1180 1758 2271
1760
1761
1762 98 997 1646 1137 1782 1145 93 94
1763 1777 1130 1223 1137
1764
1765
1766
1767
1768
1769 2696 1194 46
1770 333
1771
1772
1773
1774
1775
1776
1777 1763 1223 1137 1123 1782 2271 1759
1778
1779
1780 2201 1654
1781 840 1796 1756
1782 1777 1762 395 1137
1783
1784 1178 1108
1785
1786
1787
1788
1789
1790
1791 1530
1792
1793 152 808 1864
1794 1255
1795
1796 1756 1781
1797
1798
1799
1800
1801
1802
1803
1804
1805
1806 655
1807
1808
1809
1810 2716
1811 400 2719
1812
1813
1814
1815
1816
1817
1818
1819
1820
1821
1822 240
1823
1824
1825
1826
1827
1828
1829
1830
1831
1832
1833
1834
1835 2222
1836
1837 1443 2012 2431
1838
1839
1840
1841
1842
1843
1844
1845
1846 97
1847
1848
1849
1850
1851 722 783 898 71
1852
1853
1854
1855
1856
1857
1858
1859
1860
1861 2570 1969 2547 25 507 414
1862
1863
1864 152 9 1996 1793 808
1865
1866
1867
1868
1869
1870
1871
1872
1873 240 1969 2134 414
1874 1554
1875
1876
1877
1878
1879
1880
1881
1882
1883
1884
1885
1886 410 2028
1887
1888
1889
1890
1891
1892
1893
1894 384
1895 368 550 54 367
1896
1897
1898
1899
1900
1901 297 746 236 1969 2010 2715 26 414
1902
1903
1904 1555
1905 321
1906
1907
1908
1909 440 1168 46
1910
1911
1912
1913
1914
1915
1916
1917 1234
1918
1919
1920
1921
1922 1330
1923
1924
1925 1268
1926
1927
1928
1929
1930
1931
1932
1933
1934
1935 1110
1936
1937
1938 25 3 380 101 285
1939 2332 501
1940
1941 3 2692 508 268 2324 379 380 285
1942
1943
1944 2012
1945
1946 896 313 34 277
1947 56 55
1948
1949 427 1951
1950 36 38 519 782 1557 2014
1951 427 1949
1952
1953 344 345 346
1954
1955
1956
1957
1958
1959
1960
1961
1962 10 11
1963 56 1492
1964
1965 2 659 2261 6 39
1966
1967 56 381
1968 1052
1969 1861 1901 1873 2261 2135 1496 281 414
1970
1971 1123
1972
1973
1974
1975
1976
1977 913
1978
1979
1980
1981 73 2019
1982
1983
1984
1985
1986
1987
1988
1989
1990
1991
1992
1993
1994
1995
1996 808 1864
1997
1998
1999
2000
2001
2002
2003
2004
2005 2138
2006
2007
2008
2009
2010 6 39 1901 1583 377 2715 351
2011
2012 1944 1443 1837 2431
2013
2014 424 1557 1950 231
2015 2625 2715 2023
2016
2017 24 370
2018
2019 37 238 1981
2020
2021 1488
2022
2023 2625 2715 2340 101 2188 2547 85 377 24 25 91 2015
2024
2025 17 2026 364 878
2026 17 364 2025
2027
2028 64 1 2 197 65 74 1511 76 1454 366 374 410 732 1886 389
2029
2030 1213
2031 409 2188 92 85
2032
2033
2034
2035 548 124
2036
2037
2038
2039
2040
2041
2042
2043
2044 254
2045
2046
2047
2048
2049
2050 1666
2051
2052
2053
2054
2055 306
2056
2057
2058
2059
2060
2061
2062
2063
2064 23
2065
2066
2067
2068
2069
2070
2071
2072
2073
2074 80 1514 207
2075
2076
2077
2078 190
2079
2080
2081 115 2102
2082
2083
2084
2085
2086
2087
2088
2089
2090
2091
2092
2093
2094
2095 61
2096
2097
2098
2099 1666 1475
2100
2101
2102 2081 2 362 267 2483 238 13 115 372 14
2103
2104 1637
2105
2106
2107
2108 922
2109 2 2341 425 1602 2292 1497
2110 161 185
2111
2112
2113
2114
2115
2116
2117
2118
2119
2120
2121
2122
2123
2124
2125
2126
2127
2128
2129
2130
2131
2132
2133
2134 1873 414 2542
2135 1969 2380 414 2542
2136 655
2137
2138 2005
2139
2140
2141
2142
2143
2144
2145
2146
2147
2148 105 298 516
2149
2150
2151
2152
2153
2154
2155
2156
2157 596
2158 41 403
2159
2160
2161
2162
2163
2164
2165
2166
2167
2168
2169
2170
2171
2172
2173 1641 92
2174
2175
2176
2177
2178
2179
2180
2181
2182
2183
2184
2185
2186
2187
2188 409 2023 92 2031
2189
2190
2191
2192
2193
2194
2195
2196
2197
2198
2199 74 2330
2200
2201 1780 1654
2202
2203
2204
2205
2206
2207
2208
2209 178
2210
2211
2212
2213 151
2214
2215
2216
2217
2218 313 1613
2219
2220
2221
2222 1835
2223
2224
2225
2226
2227
2228
2229
2230
2231
2232
2233
2234
2235
2236 262
2237
2238
2239
2240
2241 268 375
2242
2243
2244
2245
2246
2247
2248
2249
2250
2251
2252
2253 1517 295
2254
2255
2256
2257
2258
2259
2260 424 954 286
2261 2 6 39 1965 1969 659 414
2262
2263
2264
2265
2266
2267
2268
2269
2270
2271 1123 1137 1223 1103 1777 1759
2272 436
2273
2274
2275
2276
2277 2 1339
2278 1026 2326
2279
2280
2281
2282
2283
2284
2285
2286
2287
2288
2289
2290
2291
2292 2 5 8 425 20 1497 2109
2293
2294
2295
2296
2297
2298
2299
2300
2301
2302
2303
2304
2305
2306
2307
2308
2309
2310
2311 169 77
2312
2313
2314
2315
2316
2317
2318
2319
2320
2321
2322
2323
2324 1941
2325
2326 2278
2327 2332 1388 1415
2328
2329
2330 74 2199
2331
2332 1939 2327
2333
2334
2335 2340 101 1583 1077 377 85
2336
2337 849 82 404
2338
2339
2340 3 101 231 2343 531 1077 2023 1562 2335 85
2341 425 2 2109 601
2342
2343 409 2340 85 101
2344 35
2345
2346
2347
2348
2349
2350
2351
2352
2353
2354
2355 75 749 351
2356
2357
2358
2359
2360
2361
2362
2363
2364
2365 594 12 13 2383
2366
2367
2368
2369
2370
2371
2372
2373
2374 492
2375
2376
2377 318
2378
2379 389 63
2380 262 389 326 327 2135 2542 375 24 2715 414
2381 470
2382
2383 9 594 12 13 2365
2384
2385 380 389
2386
2387
2388
2389
2390
2391
2392 291
2393
2394
2395
2396
2397
2398
2399
2400
2401
2402
2403
2404
2405
2406
2407 2672
2408
2409
2410
2411
2412
2413
2414
2415
2416
2417
2418
2419
2420
2421
2422
2423
2424
2425
2426
2427
2428
2429
2430
2431 1443 2012 1837
2432
2433
2434
2435
2436
2437
2438
2439
2440
2441
2442
2443
2444 848
2445
2446
2447
2448
2449 849
2450 1084 275 220 1213
2451
2452
2453
2454
2455
2456
2457
2458
2459
2460
2461
2462
2463
2464 1192
2465
2466 92
2467
2468
2469
2470
2471 2525
2472
2473 304 2701
2474 1644 1110
2475
2476
2477
2478
2479
2480
2481
2482
2483 2102
2484
2485
2486
2487
2488
2489
2490
2491
2492 291 1639 1517 295
2493
2494
2495
2496
2497
2498
2499
2500
2501
2502 2551
2503
2504
2505
2506
2507
2508
2509
2510
2511
2512
2513
2514
2515
2516
2517
2518
2519
2520 290 1477
2521 544
2522
2523
2524 1 261 366 175 115 174
2525 2471
2526
2527
2528
2529
2530
2531
2532
2533
2534
2535
2536
2537
2538
2539
2540
2541
2542 1636 2380 2134 414 2135
2543
2544
2545
2546
2547 2625 27 1861 2023 76 25 507
2548
2549
2550
2551 2502
2552
2553
2554
2555
2556
2557
2558
2559
2560
2561
2562
2563
2564
2565
2566
2567
2568
2569
2570 35 1861
2571
2572 466
2573
2574
2575
2576
2577
2578
2579
2580
2581
2582
2583
2584
2585
2586
2587
2588
2589
2590
2591
2592
2593 436
2594
2595
2596
2597
2598
2599
2600
2601
2602
2603
2604
2605
2606
2607
2608
2609
2610
2611
2612
2613
2614
2615
2616
2617
2618
2619
2620
2621
2622
2623
2624
2625 2023 2547 25 410 2715 2015
2626
2627
2628
2629
2630 1369
2631
2632
2633
2634
2635
2636
2637
2638
2639
2640
2641
2642
2643
2644
2645
2646
2647
2648
2649
2650
2651
2652
2653
2654
2655
2656
2657
2658
2659
2660
2661
2662
2663
2664
2665
2666
2667
2668
2669 368
2670
2671
2672 2407
2673
2674 562 109
2675
2676
2677
2678
2679
2680
2681
2682
2683
2684
2685
2686
2687
2688
2689
2690
2691
2692 326 268 1941 379 380 85
2693 1249 74 380
2694
2695
2696 1769 1194
2697
2698
2699
2700
2701 2473
2702
2703
2704
2705
2706
2707
2708
2709
2710
2711
2712
2713
2714
2715 2625 389 326 327 2023 2380 1901 375 24 2010 2015
2716 1810
2717
2718
2719 1811
2720
2721
2722
